0 0.05078125 0.3953125 0.096875 0.19375
0 0.075 0.1828125 0.146875 0.165625
0 0.12109375 0.4765625 0.13125 0.13125
0 0.35625 0.584375 0.15625 0.165625
0 0.16875 0.26171875 0.1125 0.0640625
0 0.52578125 0.82734375 0.1015625 0.0765625
0 0.453125 0.91796875 0.078125 0.1046875
2 0.4296875 0.446875 0.125 0.140625
2 0.4890625 0.57265625 0.109375 0.1203125
2 0.13671875 0.3296875 0.1828125 0.159375
2 0.42109375 0.67890625 0.128125 0.1484375
2 0.52578125 0.37421875 0.134375 0.1421875
3 0.34375 0.36640625 0.15 0.1453125
3 0.2484375 0.59921875 0.090625 0.109375
3 0.3984375 0.325 0.10625 0.103125
3 0.52265625 0.5 0.1171875 0.109375
3 0.6125 0.5859375 0.128125 0.115625
3 0.62109375 0.69765625 0.11875 0.1078125