0 0.4890625 0.25234375 0.184375 0.190625
1 0.3078125 0.278125 0.18125 0.2
1 0.415625 0.40390625 0.184375 0.190625
1 0.6046875 0.38203125 0.20625 0.1875
1 0.75 0.76328125 0.140625 0.1625
1 0.153125 0.5734375 0.15625 0.159375
1 0.2078125 0.6984375 0.096875 0.115625
1 0.4765625 0.7 0.203125 0.1625
0 0.30390625 0.69375 0.1421875 0.1375
0 0.48828125 0.56796875 0.1921875 0.196875
1 0.29140625 0.55390625 0.184375 0.2078125
1 0.6171875 0.546875 0.1625 0.165625
2 0.64453125 0.68203125 0.1484375 0.134375
2 0.71796875 0.5015625 0.1203125 0.134375
2 0.76796875 0.6234375 0.1421875 0.125
2 0.728125 0.3890625 0.0875 0.115625
3 0.828125 0.45703125 0.128125 0.1421875
2 0.85703125 0.57890625 0.1390625 0.1171875
2 0.17421875 0.46015625 0.1078125 0.0671875
2 0.21484375 0.3765625 0.18125 0.0875