3 0.96953125 0.3234375 0.0609375 0.11875
3 0.97265625 0.5109375 0.0546875 0.103125
3 0.91875 0.40859375 0.078125 0.1015625
3 0.8890625 0.33125 0.059375 0.065625
3 0.8140625 0.6046875 0.103125 0.084375
3 0.7765625 0.26328125 0.05 0.0796875
3 0.6765625 0.34140625 0.090625 0.0765625
3 0.5921875 0.521875 0.11875 0.103125
2 0.7109375 0.28984375 0.121875 0.1234375
2 0.8125 0.34609375 0.1125 0.1109375
2 0.7078125 0.421875 0.11875 0.125
2 0.87109375 0.43125 0.1234375 0.13125
2 0.778125 0.54765625 0.125 0.1328125
2 0.90625 0.565625 0.084375 0.05
2 0.5171875 0.58359375 0.103125 0.1078125
2 0.0859375 0.3859375 0.121875 0.096875
2 0.18046875 0.36328125 0.0859375 0.0859375
2 0.2546875 0.4015625 0.090625 0.075
2 0.1484375 0.5890625 0.109375 0.1125
2 0.01875 0.42734375 0.0375 0.0546875
2 0.43828125 0.478125 0.1015625 0.09375
0 0.0265625 0.521875 0.053125 0.059375
0 0.5734375 0.303125 0.11875 0.125
1 0.2453125 0.5203125 0.10625 0.0875
1 0.84453125 0.2578125 0.1078125 0.109375
2 0.8875 0.5234375 0.11875 0.109375
2 0.3953125 0.31328125 0.10625 0.0953125