3 0.5953125 0.9015625 0.10625 0.1375
3 0.6734375 0.8015625 0.109375 0.08125
3 0.56640625 0.78984375 0.10625 0.1078125
3 0.490625 0.84765625 0.121875 0.10625
3 0.5 0.640625 0.096875 0.140625
3 0.6046875 0.5984375 0.134375 0.121875
3 0.6125 0.68515625 0.06875 0.053125
3 0.6359375 0.728125 0.1 0.096875
3 0.403125 0.59765625 0.13125 0.13125
3 0.4578125 0.478125 0.1375 0.14375
3 0.5890625 0.47265625 0.121875 0.1265625
3 0.55 0.40390625 0.1125 0.128125
3 0.64921875 0.4609375 0.0296875 0.078125
3 0.3828125 0.48828125 0.065625 0.1046875
3 0.41328125 0.4125 0.0734375 0.05