3 0.553125 0.6296875 0.103125 0.11875
3 0.5140625 0.5578125 0.103125 0.10625
3 0.46484375 0.5859375 0.0625 0.084375
3 0.41484375 0.54375 0.0703125 0.06875
3 0.4421875 0.5 0.1125 0.090625
3 0.640625 0.5671875 0.109375 0.096875
3 0.55078125 0.43046875 0.0921875 0.1015625
3 0.459375 0.4203125 0.1 0.103125
3 0.8359375 0.3359375 0.11875 0.1125
3 0.4171875 0.44296875 0.021875 0.03125
3 0.7734375 0.26796875 0.109375 0.10625
3 0.70546875 0.23828125 0.0984375 0.10625
3 0.7765625 0.1515625 0.11875 0.134375
3 0.71796875 0.1296875 0.09375 0.1125
3 0.340625 0.81328125 0.09375 0.1078125