3 0.68671875 0.940625 0.078125 0.08125
3 0.7421875 0.77578125 0.15 0.0984375
3 0.71015625 0.68125 0.1734375 0.1375
3 0.559375 0.83203125 0.15 0.1515625
3 0.56796875 0.696875 0.14375 0.15625
3 0.51875 0.584375 0.140625 0.153125
3 0.44609375 0.74921875 0.15 0.1296875
3 0.36015625 0.425 0.125 0.0875
3 0.128125 0.11796875 0.1125 0.1421875
3 0.22109375 0.07109375 0.1171875 0.128125
3 0.08359375 0.434375 0.06875 0.08125
3 0.4171875 0.50390625 0.059375 0.0390625
3 0.48359375 0.5265625 0.103125 0.096875
3 0.96484375 0.796875 0.0703125 0.1125
3 0.15234375 0.4671875 0.08125 0.06875
3 0.0203125 0.69921875 0.040625 0.1453125