0 0.5640625 0.30234375 0.12890625 0.1109375
0 0.46328125 0.2484375 0.1265625 0.12890625
0 0.6546875 0.22734375 0.12890625 0.1328125
0 0.7484375 0.2828125 0.134375 0.11875
0 0.5875 0.60546875 0.134375 0.1328125
0 0.68671875 0.6546875 0.1234375 0.103125
0 0.4765625 0.5953125 0.109375 0.12890625
3 0.50703125 0.5046875 0.1265625 0.11875
3 0.55390625 0.396875 0.1234375 0.13671875
3 0.6171875 0.48203125 0.09765625 0.1171875
3 0.675 0.409375 0.11875 0.13125
3 0.7421875 0.41953125 0.07421875 0.1078125
3 0.521875 0.72109375 0.125 0.1328125
3 0.5296875 0.8 0.12109375 0.08984375
3 0.39609375 0.67734375 0.1265625 0.1171875
3 0.3328125 0.953125 0.11875 0.09375
3 0.26015625 0.9453125 0.0953125 0.109375
3 0.5484375 0.95625 0.134375 0.0875
0 0.44609375 0.29375 0.1078125 0.084375
2 0.6546875 0.33671875 0.08984375 0.0609375
0 0.5984375 0.69296875 0.078125 0.0640625