1 0.48515625 0.5109375 0.21640625 0.21328125
1 0.35390625 0.43203125 0.18671875 0.20078125
2 0.453125 0.025 0.165625 0.05
2 0.82734375 0.61484375 0.2234375 0.20703125
2 0.665625 0.753125 0.225 0.24765625
2 0.7671875 0.81796875 0.225 0.1984375
2 0.46171875 0.728125 0.22421875 0.22109375
2 0.16796875 0.7609375 0.2921875 0.253125
2 0.18984375 0.5421875 0.1609375 0.17890625
2 0.35 0.86015625 0.178125 0.2203125
2 0.22578125 0.9234375 0.1546875 0.153125
2 0.58125 0.9328125 0.165625 0.134375
3 0.59296875 0.08671875 0.1828125 0.17265625
3 0.52578125 0.1875 0.0484375 0.1125
3 0.4140625 0.175 0.075 0.196875
3 0.5515625 0.38359375 0.20859375 0.20078125
3 0.7078125 0.51640625 0.25 0.23984375
3 0.51953125 0.875 0.1640625 0.16875
1 0.2921875 0.60234375 0.225 0.20703125