3 0.0359375 0.609375 0.071875 0.109375
3 0.09296875 0.56171875 0.1109375 0.11875
3 0.07578125 0.4328125 0.11875 0.1
3 0.56171875 0.625 0.084375 0.078125
2 0.06953125 0.29765625 0.121875 0.13125
2 0.12578125 0.396875 0.0765625 0.0875
2 0.27109375 0.42421875 0.1171875 0.06875
2 0.36875 0.4046875 0.121875 0.11875
2 0.42109375 0.48125 0.1203125 0.109375
2 0.25546875 0.53515625 0.0703125 0.084375
2 0.325 0.53359375 0.0875 0.0765625
2 0.31171875 0.61484375 0.10625 0.0984375
2 0.421875 0.6 0.115625 0.109375
2 0.48359375 0.53828125 0.13125 0.11875
2 0.5078125 0.42265625 0.125 0.115625
2 0.596875 0.42734375 0.084375 0.103125
2 0.6421875 0.49765625 0.10625 0.0890625
2 0.703125 0.52265625 0.0875 0.0828125
2 0.6859375 0.59296875 0.09375 0.090625
2 0.72578125 0.65078125 0.10625 0.0890625
0 0.54765625 0.6796875 0.0984375 0.084375
3 0.62421875 0.6421875 0.065625 0.065625
1 0.546875 0.56171875 0.0875 0.090625
3 0.61796875 0.55234375 0.0796875 0.0765625
3 0.59609375 0.70234375 0.0546875 0.0609375
3 0.16328125 0.5390625 0.06875 0.084375
0 0.04375 0.9203125 0.0875 0.09375
1 0.16953125 0.1921875 0.0671875 0.075
1 0.23671875 0.02265625 0.0640625 0.0453125
1 0.23515625 0.1875 0.071875 0.071875
0 0.15078125 0.69921875 0.059375 0.0609375
0 0.153125 0.60703125 0.053125 0.053125
0 0.25859375 0.359375 0.059375 0.059375
0 0.3109375 0.34296875 0.078125 0.075
0 0.34921875 0.3046875 0.0609375 0.075
0 0.453125 0.2671875 0.06875 0.065625
1 0.50859375 0.225 0.0671875 0.06875
1 0.5515625 0.2234375 0.04375 0.059375
3 0.46015625 0.1421875 0.05625 0.053125
3 0.3984375 0.18359375 0.046875 0.0421875
3 0.37265625 0.159375 0.0640625 0.05625
3 0.2640625 0.08203125 0.053125 0.0578125
3 0.36171875 0.1328125 0.0515625 0.034375
3 0.1625 0.14140625 0.065625 0.0609375
3 0.33359375 0.76171875 0.0671875 0.0640625
3 0.20703125 0.5859375 0.0515625 0.05625
3 0.74453125 0.553125 0.0359375 0.059375