2 0.40625 0.0578125 0.10625 0.115625
2 0.30625 0.075 0.140625 0.15
3 0.2515625 0.1828125 0.14375 0.1375
2 0.34140625 0.2796875 0.1171875 0.146875
2 0.42265625 0.1828125 0.1421875 0.146875
3 0.49375 0.1359375 0.11875 0.11875
3 0.5109375 0.075 0.075 0.05625
2 0.5125 0.228125 0.103125 0.10625
2 0.675 0.45 0.06875 0.096875
2 0.49453125 0.6390625 0.1171875 0.096875
2 0.4484375 0.46875 0.125 0.115625
2 0.33359375 0.62421875 0.0953125 0.1171875
3 0.3734375 0.4484375 0.0625 0.059375
3 0.6484375 0.55703125 0.065625 0.0953125
1 0.52578125 0.375 0.1234375 0.140625
1 0.603125 0.46171875 0.128125 0.1265625
1 0.609375 0.38125 0.053125 0.040625
2 0.5953125 0.58125 0.11875 0.115625
1 0.50234375 0.53125 0.1265625 0.140625
1 0.3921875 0.5890625 0.125 0.140625
1 0.3203125 0.51015625 0.140625 0.1171875
1 0.653125 0.93828125 0.11875 0.1234375
1 0.640625 0.78515625 0.1 0.1015625
2 0.5375 0.94375 0.1 0.1125
2 0.475 0.84609375 0.11875 0.1078125
2 0.72578125 0.85859375 0.1265625 0.1109375
3 0.709375 0.76328125 0.0875 0.0796875
3 0.61328125 0.72421875 0.0703125 0.0859375
3 0.58828125 0.85859375 0.1078125 0.0921875
3 0.453125 0.95 0.09375 0.1
3 0.4046875 0.85 0.06875 0.103125
3 0.72890625 0.925 0.0609375 0.0375
2 0.49296875 0.77265625 0.0921875 0.0859375
3 0.43984375 0.7796875 0.0234375 0.040625