0 0.3671875 0.5734375 0.125 0.11328125
0 0.58671875 0.90546875 0.1796875 0.1859375
0 0.80625 0.53984375 0.1875 0.1796875
0 0.05625 0.29453125 0.1125 0.1171875
0 0.22421875 0.19765625 0.1171875 0.1015625
0 0.2078125 0.35625 0.1625 0.16796875
0 0.24921875 0.51171875 0.1703125 0.1640625
0 0.3328125 0.31796875 0.15 0.1703125
0 0.3234375 0.24296875 0.13671875 0.0921875
0 0.3984375 0.4484375 0.15234375 0.15234375
0 0.5578125 0.5359375 0.178125 0.18125
0 0.41015625 0.6640625 0.1640625 0.19375
0 0.7234375 0.6484375 0.209375 0.19375
0 0.66796875 0.825 0.2109375 0.19921875
0 0.43984375 0.82578125 0.1734375 0.1484375
3 0.53203125 0.6859375 0.1734375 0.165625
3 0.1484375 0.440625 0.1 0.103125
2 0.465625 0.3328125 0.13671875 0.15
2 0.528125 0.43359375 0.11875 0.0921875
2 0.61875 0.4953125 0.109375 0.12109375
2 0.78359375 0.71875 0.1109375 0.1
2 0.54296875 0.346875 0.0546875 0.08984375