0 0.71328125 0.50390625 0.1171875 0.1078125
0 0.64140625 0.4359375 0.1109375 0.109375
1 0.5390625 0.5078125 0.084375 0.084375
1 0.56640625 0.41796875 0.0921875 0.1015625
1 0.61171875 0.36015625 0.0796875 0.0609375
1 0.4890625 0.428125 0.0625 0.046875
1 0.67265625 0.60625 0.1109375 0.109375
1 0.6125 0.54453125 0.121875 0.1234375
2 0.4140625 0.56875 0.115625 0.103125
2 0.275 0.58984375 0.128125 0.1171875
3 0.3390625 0.50078125 0.103125 0.1015625
3 0.328125 0.68671875 0.109375 0.1078125
3 0.4484375 0.66796875 0.11875 0.1078125
3 0.3859375 0.72421875 0.103125 0.1109375
3 0.24140625 0.50546875 0.0953125 0.0765625
3 0.37890625 0.44375 0.0921875 0.0875