1 0.70703125 0.5828125 0.1265625 0.121875
0 0.49609375 0.6078125 0.065625 0.065625
2 0.65625 0.7265625 0.128125 0.125
2 0.60078125 0.78515625 0.1171875 0.1109375
2 0.71171875 0.82265625 0.109375 0.115625
2 0.7921875 0.7671875 0.103125 0.0953125
2 0.81953125 0.6125 0.115625 0.10625
1 0.753125 0.6828125 0.13125 0.115625
1 0.61953125 0.53359375 0.1015625 0.1046875
1 0.515625 0.52734375 0.10625 0.1
1 0.60546875 0.62890625 0.0578125 0.075
2 0.66875 0.4828125 0.1125 0.08125
2 0.55546875 0.409375 0.096875 0.109375
2 0.50703125 0.43671875 0.0921875 0.090625
2 0.56484375 0.603125 0.084375 0.109375
2 0.4640625 0.53515625 0.05625 0.084375
3 0.840625 0.709375 0.05625 0.0875
3 0.6109375 0.3953125 0.065625 0.1
0 0.28125 0.6671875 0.025 0.028125
0 0.2859375 0.57578125 0.028125 0.03125
2 0.54140625 0.25625 0.0734375 0.075
2 0.4734375 0.26640625 0.071875 0.078125
1 0.43125 0.20390625 0.078125 0.0828125
2 0.4 0.25390625 0.08125 0.0703125
2 0.44765625 0.309375 0.0765625 0.06875
2 0.54921875 0.296875 0.078125 0.046875
2 0.571875 0.21796875 0.08125 0.0625
2 0.50625 0.178125 0.071875 0.09375
3 0.6109375 0.3953125 0.065625 0.1